retract_p1_1: [0.08590292402343751, 1.0875923773681642, -0.8375535092285157, 0.06749515458984376, -0.9173205101074219, 1.4802914586181641]
retract_p1_2: [0.08130098166503907, 0.7639224314941406, -0.4893398707763672, 0.06749515458984376, -0.9157865293212891, 1.4680196123291016]
hand_off: [-3.0250101102539064, 0.802271951147461, -0.5246214288574219, 0.13192234760742189, -0.2070874061279297, 1.4879613625488282]
approach_p2: [0.6580777572509766, 1.098330242871094, -1.104466166015625, 0.07516505852050782, -0.8206797205810548, 1.613747787011719]
grasp_p2: [0.6580777572509766, 1.415864265600586, -0.5537670637939454, 0.07669903930664063, -0.6074563913085937, 1.5876701136474611]
retract_p2_1: [0.6580777572509766, 1.5800002097167969, -0.22242721398925783, 0.09510680874023437, -1.0906603389404297, 1.5677283634277346]
retract_p2_2: [0.9065826446044922, 0.8176117590087891, -0.2745825607177735, 0.04448544279785156, -0.24697090656738283, 1.7011846918212892]
home: [-0.019941750219726564, 0.16077673364257814, -0.004601942358398438, -0.21475731005859377, 0.05522330830078125, 4.629554012548828]
approach_p1: [-3.031146033398438, -0.5537670637939454, 1.6060778830810547, -0.04601942358398438, 0.5215534672851563, 1.5109710743408205]
grasp_p1: [-3.0081363216064454, -1.3545050341552736, 0.5767767755859375, -0.18100973276367188, 0.38656315810546876, 1.5223252192139]
approach_p1_1: [0.09203884716796876, 0.6948932961181641, -1.6413594411621095, 0.06749515458984376, -0.7900001048583984, 1.5585244787109376]
approach_p1_2: [0.09357282795410157, 1.0998642236572267, -1.1443496664550783, 0.06902913537597656, -0.7961360280029297, 1.5293788437744142]
grasp_p1: [0.09357282795410157, 1.392854553808594, -0.6212622183837891, 0.07056311616210938, -0.5476311406494141, 1.523242920629883]
